4091
4095
4093
4091
4091
4085
4091
4087
4086
4087
4083
4079
4078
4074
4069
4059
4060
4053
4045
4037
4029
4015
4007
3995
3979
3967
3949
3932
3913
3892
3869
3846
3818
3791
3761
3731
3697
3658
3623
3581
3537
3494
3447
3398
3343
3291
3230
3173
3108
3046
2978
2910
2835
2760
2685
2608
2524
2441
2358
2269
2180
2091
1996
1905
1810
1720
1623
1523
1430
1335
1239
1145
1052
962
875
789
702
620
543
467
397
332
270
216
162
122
86
52
28
12
4
3
11
25
51
89
128
179
237
308
384
471
567
670
778
902
1025
1155
1294
1437
1586
1738
1893
2052
2204
2367
2524
2681
2833
2983
3127
3268
3396
3521
3634
3740
3825
3905
3974
4026
4063
4085
4093
4081
4053
4011
3951
3878
3785
3677
3555
3418
3269
3107
2935
2752
2563
2364
2162
1960
1755
1553
1353
1166
980
807
644
495
364
250
157
85
34
9
0
22
69
140
232
349
488
647
826
1021
1226
1460
1685
1921
2166
2403
2642
2868
3087
3295
3473
3646
3791
3908
3998
4061
4090
4088
4052
3987
3884
3757
3595
3413
3203
2976
2727
2469
2197
1929
1659
1394
1134
895
676
482
317
183
84
25
0
16
77
178
316
489
695
934
1195
1472
1764
2064
2364
2661
2942
3207
3447
3654
3825
3955
4040
4089
4083
4029
3925
3776
3588
3358
3097
2809
2495
2172
1845
1521
1210
920
659
437
256
113
32
2
28
114
251
436
678
950
1261
1596
1936
2299
2640
2967
3270
3535
3757
3927
4037
4090
4077
3996
3856
3657
3403
3107
2773
2413
2048
1672
1314
970
669
413
211
77
9
12
90
233
451
719
1039
1397
1781
2179
2568
2941
3283
3571
3808
3984
4074
4089
4022
3879
3659
3375
3039
2662
2252
1837
1429
1046
703
417
197
56
0
40
162
363
640
981
1371
1793
2225
2658
3060
3414
3707
3921
4054
4089
4031
3877
3637
3316
2931
2511
2056
1608
1177
791
462
214
58
1
51
199
447
780
1178
1621
2091
2558
2998
3389
3708
3946
4063
4087
3991
3788
3483
3106
2661
2186
1693
1229
805
453
191
40
4
89
291
596
990
1447
1945
2448
2928
3355
3702
3949
4075
4074
3952
3700
3349
2911
2417
1895
1386
914
521
230
42
0
96
320
659
1095
1595
2128
2660
3147
3559
3864
4049
4089
3986
3744
3383
2926
2403
1850
1313
829
433
154
16
32
190
492
915
1422
1975
2539
3065
3512
3853
4045
4087
3967
3699
3296
2786
2231
1651
1102
629
271
60
5
123
399
814
1328
1914
2500
3055
3524
3870
4061
4081
3923
3597
3145
2589
1988
1389
851
414
123
3
68
310
715
1236
1838
2458
3041
3533
3887
4069
4068
3866
3501
2996
2397
1762
1157
634
247
37
19
201
564
1076
1685
2332
2950
3478
3863
4067
4061
3865
3455
2929
2293
1636
1020
509
160
6
69
343
793
1382
2043
2705
3298
3756
4027
4087
3918
3547
3005
2363
1678
1038
506
148
4
89
401
891
1522
2217
2891
3466
3879
4077
4040
3763
3297
2667
1967
1280
680
246
22
46
312
791
1419
2130
2832
3440
3870
4079
4033
3737
3231
2579
1849
1141
558
159
4
109
465
1027
1719
2463
3149
3687
4015
4082
3879
3431
2798
2060
1322
681
221
14
79
414
971
1683
2443
3150
3704
4025
4077
3839
3347
2673
1908
1161
541
134
4
167
597
1246
2010
2781
3444
3903
4091
3975
3573
2943
2182
1395
700
218
7
105
498
1131
1902
2695
3388
3880
4089
3977
3563
2911
2123
1320
632
166
3
164
624
1312
2124
2921
3579
3991
4086
3843
3316
2570
1738
959
358
41
52
403
1030
1828
2664
3398
3903
4093
3933
3449
2723
1883
1065
420
55
38
374
1001
1816
2672
3418
3923
4092
3898
3367
2604
1734
927
317
20
93
526
1233
2097
2949
3641
4030
4057
3709
3047
2197
1319
576
111
17
300
924
1760
2653
3431
3940
4087
3840
3239
2407
1503
704
168
4
243
839
1676
2590
3394
3934
4087
3835
3219
2366
1444
648
134
12
311
955
1843
2769
3540
4009
4061
3699
2984
2075
1158
422
39
79
538
1319
2260
3155
3812
4089
3924
3349
2491
1534
689
141
13
332
1036
1955
2905
3661
4058
4004
3512
2689
1718
825
200
7
269
943
1869
2840
3627
4052
4009
3514
2676
1690
788
177
8
319
1037
1997
2971
3722
4077
3948
3364
2457
1450
592
82
50
504
1335
2345
3278
3914
4087
3755
3004
2011
1028
297
5
223
899
1870
2877
3685
4075
3949
3336
2397
1363
506
45
101
656
1579
2623
3515
4027
4019
3499
2593
1539
622
82
62
571
1476
2533
3461
4011
4031
3517
2604
1539
610
73
74
615
1549
2619
3539
4043
3990
3406
2439
1362
474
29
147
797
1803
2884
3720
4084
3872
3136
2087
1026
258
4
340
1169
2251
3280
3949
4063
3589
2663
1554
589
55
107
738
1753
2862
3727
4089
3841
3053
1959
893
182
19
483
1422
2549
3525
4051
3961
3284
2225
1107
278
3
360
1242
2380
3410
4016
4004
3369
2329
1188
323
2
334
1211
2361
3405
4019
3998
3347
2275
1130
278
6
397
1324
2495
3511
4055
3934
3197
2073
938
173
36
562
1590
2775
3709
4092
3784
2892
1708
642
55
139
878
2015
3167
3935
4057
3480
2413
1215
308
4
409
1390
2598
3616
4086
3834
2959
1756
658
50
151
926
2106
3262
3981
4013
3334
2193
997
180
39
629
1731
2955
3846
4077
3565
2497
1258
312
8
455
1493
2742
3731
4093
3688
2669
1410
398
1
377
1387
2646
3677
4093
3725
2717
1453
413
3
378
1397
2672
3701
4093
3688
2644
1366
352
4
456
1531
2816
3795
4084
3565
2447
1164
233
33
630
1802
3064
3929
4031
3333
2115
867
97
121
925
2193
3403
4053
3885
2956
1653
515
8
342
1391
2714
3749
4085
3567
2411
1099
188
57
766
2019
3282
4026
3925
3025
1707
533
7
356
1431
2773
3801
4073
3469
2245
936
107
126
981
2308
3516
4085
3752
2674
1314
279
26
671
1925
3240
4018
3923
2979
1620
453
2
472
1655
3017
3939
4002
3178
1833
590
10
362
1488
2874
3879
4035
3278
1952
663
20
320
1423
2822
3858
4046
3295
1957
658
18
333
1459
2866
3885
4031
3224
1871
592
12
407
1594
3003
3951
3979
3076
1664
448
6
560
1837
3222
4031
3869
2810
1376
268
38
799
2186
3497
4089
3663
2433
1004
101
172
1180
2629
3783
4063
3322
1936
604
7
444
1700
3135
4013
3886
2815
1348
240
64
909
2345
3623
4091
3491
2139
739
22
363
1586
3054
3992
3911
2845
1358
231
72
959
2425
3686
4079
3379
1970
599
6
504
1837
3285
4066
3751
2519
1022
93
220
1339
2855
3926
3967
2956
1442
263
66
966
2458
3730
4065
3281
1810
467
8
687
2127
3526
4089
3509
2100
661
6
505
1878
3349
4079
3655
2308
817
24
393
1710
3224
4059
3734
2433
912
41
340
1626
3160
4047
3765
2482
940
46
328
1620
3162
4051
3750
2445
901
36
366
1693
3235
4069
3690
2330
799
16
456
1855
3370
4087
3565
2134
639
2
609
2095
3550
4088
3377
1847
443
22
845
2416
3755
4039
3088
1490
237
111
1189
2805
3949
3902
2693
1078
73
309
1644
3233
4074
3631
2183
650
7
656
2199
3643
4070
3200
1589
272
97
1177
2822
3963
3870
2593
961
39
415
1862
3425
4092
3418
1845
402
40
1000
2651
3902
3930
2709
1053
52
380
1814
3406
4095
3408
1819
377
55
1074
2749
3952
3869
2554
896
14
516
2058
3590
4072
3174
1504
204
165
1419
3105
4056
3632
2108
541
16
893
2580
3890
3923
2646
952
24
510
2074
3620
4061
3088
1379
143
249
1630
3306
4091
3424
1779
323
99
1261
2992
4045
3667
2126
529
22
973
2701
3956
3829
2417
734
4
759
2459
3857
3933
2629
899
10
614
2271
3761
3989
2779
1028
28
524
2149
3701
4020
2874
1112
42
474
2087
3668
4033
2906
1133
45
471
2089
3675
4029
2881
1097
40
507
2154
3724
4008
2793
1011
20
587
2277
3791
3961
2651
875
0
718
2463
3887
3877
2443
697
7
914
2712
3988
3741
2166
494
47
1177
2998
4063
3534
1820
289
152
1523
3313
4089
3236
1428
116
351
1957
3628
4034
2835
1003
13
669
2442
3897
3850
2333
586
30
1116
2968
4063
3507
1752
238
205
1691
3471
4066
2998
1137
30
598
2367
3873
3858
2338
567
41
1187
3061
4082
3396
1577
153
326
1946
3654
4004
2694
832
3
912
2787
4033
3587
1825
254
219
1751
3539
4047
2834
941
3
828
2709
4020
3618
1855
260
217
1767
3563
4035
2767
873
4
926
2833
4050
3503
1675
170
324
2001
3719
3958
2498
641
30
1215
3145
4093
3215
1289
46
594
2446
3939
3731
2005
314
188
1743
3573
4023
2677
763
12
1114
3069
4090
3246
1304
42
617
2503
3971
3669
1873
236
270
1946
3716
3941
2411
542
72
1440
3374
4073
2879
909
4
1011
2994
4087
3263
1294
35
673
2607
4015
3561
1671
136
418
2245
3885
3773
2017
288
240
1924
3726
3919
2316
453
126
1649
3555
4007
2565
621
59
1426
3396
4058
2761
769
21
1251
3261
4078
2909
891
5
1125
3152
4090
3015
982
4
1041
3088
4095
3078
1035
2
1004
3048
4091
3094
1046
3
1004
3054
4091
3075
1021
2
1047
3100
4085
3019
958
7
1123
3185
4083
2912
854
15
1251
3299
4063
2760
721
42
1424
3450
4028
2564
564
95
1645
3614
3956
2314
396
196
1925
3782
3825
2016
233
347
2247
3931
3638
1670
98
577
2611
4050
3366
1295
16
891
2995
4092
3015
907
16
1291
3378
4042
2572
540
125
1772
3716
3866
2058
232
372
2321
3975
3542
1492
43
771
2887
4088
3070
936
14
1315
3418
4019
2462
444
189
1981
3839
3727
1759
108
596
2689
4071
3213
1058
6
1218
3357
4036
2498
455
192
2003
3863
3684
1673
70
695
2835
4089
3039
869
30
1470
3566
3938
2169
259
382
2400
4017
3389
1229
5
1116
3300
4040
2509
434
220
2102
3924
3582
1469
27
916
3113
4079
2686
553
154
1958
3866
3657
1574
47
858
3068
4081
2719
564
152
1965
3876
3631
1517
28
918
3143
4071
2601
474
213
2129
3949
3502
1329
7
1124
3346
4015
2330
305
370
2450
4046
3238
993
19
1487
3631
3859
1896
120
673
2903
4089
2803
593
156
2025
3922
3528
1325
0
1184
3423
3974
2158
205
519
2713
4087
2947
691
116
1922
3889
3565
1359
4
1189
3442
3959
2093
165
589
2837
4093
2789
556
192
2159
3983
3378
1092
12
1502
3678
3794
1699
44
930
3232
4032
2308
253
481
2707
4089
2866
594
184
2158
3992
3333
1025
29
1631
3769
3689
1489
9
1161
3459
3927
1960
103
771
3096
4058
2405
283
465
2707
4094
2803
523
241
2329
4045
3141
797
100
1965
3941
3418
1086
23
1638
3795
3635
1367
2
1346
3625
3801
1636
22
1109
3449
3917
1882
70
906
3276
3992
2098
132
746
3113
4045
2278
201
620
2966
4071
2429
267
524
2853
4086
2543
324
456
2758
4091
2627
369
409
2695
4091
2678
396
384
2660
4090
2702
407
380
2661
4092
2690
400
393
2688
4093
2652
369
425
2744
4091
2579
330
475
2831
4086
2479
267
557
2945
4067
2341
200
668
3086
4037
2173
130
807
3242
3979
1970
71
980
3412
3898
1737
20
1201
3590
3770
1476
0
1462
3760
3595
1197
23
1767
3914
3365
911
102
2106
4030
3077
629
241
2483
4087
2726
373
467
2869
4077
2317
164
771
3248
3963
1863
37
1166
3594
3742
1390
6
1633
3874
3411
928
105
2158
4049
2970
515
346
2710
4087
2423
196
733
3231
3957
1821
22
1262
3681
3646
1205
33
1896
3987
3152
646
257
2571
4093
2518
228
698
3212
3947
1799
14
1332
3738
3564
1074
71
2091
4047
2941
465
417
2869
4059
2154
83
1037
3548
3739
1315
23
1855
3986
3116
588
324
2735
4079
2265
114
975
3507
3766
1340
20
1871
3997
3072
538
374
2835
4060
2124
69
1126
3638
3639
1130
65
2138
4063
2801
342
588
3149
3959
1731
2
1524
3883
3309
725
250
2646
4084
2262
96
1055
3607
3652
1121
77
2202
4078
2682
264
722
3319
3855
1463
12
1856
4010
2982
436
509
3084
3969
1723
1
1612
3933
3170
573
385
2919
4022
1888
6
1478
3881
3268
650
333
2841
4041
1950
18
1441
3871
3277
647
337
2863
4034
1905
13
1510
3906
3206
577
402
2977
3996
1755
2
1674
3974
3037
439
539
3174
3911
1508
14
1946
4049
2772
274
775
3433
3741
1174
85
2326
4093
2381
104
1132
3717
3453
785
271
2792
4039
1877
8
1628
3977
3002
393
622
3301
3821
1286
61
2264
4092
2392
98
1176
3764
3377
683
356
2964
3979
1634
10
1929
4058
2678
197
948
3619
3542
849
255
2804
4025
1777
1
1819
4037
2753
226
910
3594
3551
847
265
2836
4013
1708
6
1923
4062
2624
156
1053
3714
3404
679
391
3063
3922
1429
44
2238
4093
2276
48
1406
3915
3065
384
697
3437
3671
971
208
2764
4021
1708
8
1998
4083
2468
91
1258
3857
3161
438
644
3405
3689
975
219
2802
4006
1625
18
2127
4090
2304
45
1465
3954
2933
284
878
3629
3461
685
424
3166
3838
1193
133
2621
4047
1762
8
2041
4087
2339
44
1486
3970
2866
232
987
3724
3323
531
578
3375
3684
917
278
2963
3926
1352
88
2517
4059
1803
5
2069
4086
2250
26
1630
4025
2667
130
1235
3880
3039
306
890
3678
3355
535
603
3429
3611
797
378
3157
3811
1083
206
2866
3951
1372
90
2577
4037
1660
26
2292
4084
1937
2
2029
4087
2191
15
1782
4066
2426
49
1560
4019
2634
105
1364
3957
2822
170
1192
3887
2977
244
1049
3812
3109
318
924
3736
3223
391
823
3670
3313
452
742
3607
3384
513
679
3555
3439
559
631
3518
3474
592
606
3492
3496
608
587
3480
3504
614
590
3486
3496
601
605
3503
3475
575
636
3539
3439
535
680
3581
3384
486
743
3638
3315
426
824
3702
3223
355
923
3772
3109
284
1044
3845
2973
206
1193
3923
2821
136
1365
3991
2636
75
1560
4043
2425
28
1782
4081
2191
1
2033
4091
1935
10
2293
4067
1660
54
2576
4000
1373
146
2869
3887
1081
284
3155
3718
799
480
3425
3492
535
741
3679
3203
308
1055
3884
2857
132
1431
4024
2462
26
1846
4090
2027
8
2287
4066
1570
85
2743
3926
1127
278
3179
3678
714
583
3562
3318
369
989
3863
2865
122
1486
4048
2336
9
2040
4087
1760
49
2622
3963
1189
259
3171
3666
680
636
3631
3213
279
1160
3955
2631
48
1795
4088
1962
18
2472
4004
1288
220
3124
3686
687
649
3656
3158
236
1264
4000
2467
16
2006
4083
1703
72
2769
3881
968
422
3442
3393
383
1030
3915
2683
49
1823
4092
1847
46
2663
3921
1030
395
3422
3403
377
1057
3935
2621
35
1928
4087
1704
82
2840
3827
842
546
3603
3183
221
1349
4034
2269
2
2322
4025
1286
256
3247
3539
472
952
3900
2672
37
1936
4083
1627
120
2973
3729
677
722
3767
2910
94
1711
4088
1826
65
2815
3815
788
625
3701
3003
121
1640
4087
1873
54
2797
3819
783
644
3722
2954
99
1717
4095
1762
87
2925
3737
650
782
3828
2759
42
1956
4082
1502
185
3178
3548
437
1059
3969
2413
5
2345
3993
1111
407
3523
3199
191
1514
4082
1903
61
2869
3751
644
822
3871
2645
18
2154
4041
1244
337
3451
3261
213
1483
4079
1875
76
2921
3702
567
929
3935
2472
3
2375
3971
1004
512
3663
2973
81
1863
4082
1458
234
3330
3367
261
1420
4078
1883
80
2984
3649
488
1064
4003
2255
12
2653
3839
720
791
3882
2556
1
2369
3957
938
594
3754
2792
30
2145
4022
1121
460
3642
2956
59
1979
4058
1252
377
3559
3055
91
1874
4076
1330
334
3514
3114
109
1842
4079
1357
330
3511
3108
105
1865
4071
1312
357
3557
3053
82
1950
4057
1214
421
3634
2933
48
2100
4024
1063
537
3742
2751
14
2312
3953
864
709
3873
2507
2
2581
3831
644
949
3989
2188
35
2895
3639
405
1272
4073
1809
140
3245
3353
194
1682
4085
1375
351
3585
2956
43
2175
3989
922
691
3879
2449
8
2711
3737
493
1175
4057
1850
138
3258
3315
161
1789
4070
1217
471
3727
2716
8
2493
3847
618
1028
4031
1973
101
3189
3360
178
1777
4069
1189
504
3772
2620
0
2625
3759
493
1211
4076
1726
204
3422
3101
67
2129
3977
842
813
3967
2161
61
3096
3420
193
1766
4068
1134
565
3831
2467
9
2843
3606
314
1526
4085
1337
432
3732
2641
2
2699
3692
387
1416
4093
1421
386
3694
2688
2
2675
3701
387
1428
4091
1388
417
3731
2616
0
2773
3631
318
1562
4085
1229
531
3833
2416
26
2983
3465
196
1825
4043
968
753
3966
2084
103
3285
3177
68
2227
3908
633
1119
4075
1625
302
3635
2729
4
2738
3629
293
1651
4071
1073
685
3946
2116
104
3309
3129
44
2341
3846
512
1307
4091
1368
472
3812
2392
37
3109
3315
98
2148
3924
623
1175
4087
1476
414
3779
2448
29
3086
3322
101
2168
3911
585
1243
4091
1373
491
3850
2293
68
3246
3149
42
2411
3785
405
1515
4078
1078
729
3991
1922
198
3550
2773
3
2851
3490
163
2016
3950
641
1198
4091
1343
537
3896
2150
119
3412
2933
11
2732
3561
198
1951
3967
659
1199
4087
1312
573
3927
2053
162
3514
2785
3
2915
3403
112
2210
3854
452
1502
4071
982
867
4049
1631
377
3795
2315
82
3359
2957
4
2788
3492
137
2149
3864
463
1509
4069
935
935
4067
1503
471
3879
2114
160
3542
2702
12
3078
3227
38
2545
3643
216
1971
3934
540
1419
4075
963
931
4073
1452
524
3930
1976
227
3664
2489
53
3303
2967
6
2887
3374
72
2417
3701
247
1945
3931
518
1488
4060
853
1071
4089
1240
708
4025
1651
419
3871
2069
202
3650
2478
59
3371
2858
6
3051
3194
22
2705
3485
103
2350
3719
244
1995
3897
433
1652
4015
662
1333
4079
916
1042
4093
1189
787
4057
1472
564
3978
1755
384
3869
2034
238
3728
2298
131
3564
2553
57
3391
2784
16
3205
3001
4
3014
3187
14
2820
3355
42
2628
3500
94
2446
3627
154
2268
3731
224
2100
3815
299
1940
3892
385
1800
3945
467
1668
3989
552
1552
4019
629
1444
4048
705
1355
4065
775
1272
4074
838
1200
4083
891
1143
4088
939
1100
4094
973
1058
4092
1003
1041
4091
1022
1024
4093
1033
1021
4092
1028
1023
4093
1015
1039
4092
995
1064
4091
959
1099
4089
925
1144
4086
874
1201
4081
813
1269
4069
749
1348
4053
679
1447
4031
597
1548
3997
523
1671
3962
439
1801
3909
356
1946
3843
275
2104
3760
199
2267
3659
133
2443
3540
75
2626
3405
32
2821
3245
6
3013
3063
5
3201
2857
27
3392
2632
78
3567
2386
164
3725
2132
288
3870
1850
441
3979
1570
635
4057
1279
869
4087
1005
1136
4079
743
1438
4015
510
1770
3890
304
2112
3719
144
2470
3483
44
2821
3197
2
3163
2856
36
3472
2476
148
3734
2072
340
3935
1649
604
4056
1239
943
4091
852
1345
4030
517
1793
3867
247
2262
3601
72
2729
3245
3
3176
2810
54
3555
2319
228
3855
1798
528
4040
1282
935
4091
810
1426
3997
419
1976
3748
144
2540
3376
10
3080
2883
44
3547
2309
245
3881
1699
613
4068
1117
1117
4067
605
1719
3870
227
2367
3490
26
2991
2953
34
3525
2310
260
3907
1627
688
4083
980
1283
4025
451
1973
3729
103
2691
3216
2
3334
2544
163
3817
1799
581
4071
1074
1203
4041
477
1956
3725
100
2732
3161
9
3413
2415
230
3898
1603
739
4092
853
1465
3951
289
2306
3487
17
3108
2770
98
3736
1917
529
4063
1073
1238
4019
403
2119
3605
36
2988
2876
66
3685
1979
493
4057
1082
1247
4015
379
2174
3553
20
3091
2755
112
3778
1794
637
4085
878
1488
3921
224
2487
3309
4
3387
2383
281
3962
1366
998
4067
510
1994
3650
43
3017
2806
106
3785
1750
689
4092
767
1658
3830
128
2743
3063
35
3637
1991
528
4075
928
1475
3905
187
2604
3174
19
3572
2079
480
4067
965
1450
3911
189
2617
3151
24
3608
2010
535
4081
870
1570
3856
132
2776
2992
64
3735
1786
704
4093
666
1846
3698
45
3068
2684
176
3915
1417
1027
4045
384
2279
3395
2
3449
2201
437
4063
939
1531
3855
121
2849
2890
106
3835
1560
920
4058
427
2232
3415
1
3467
2155
481
4078
838
1668
3765
67
3042
2663
210
3959
1258
1218
3975
218
2634
3063
62
3775
1646
874
4070
423
2277
3353
5
3573
1967
633
4092
616
1995
3548
3
3395
2210
475
4081
772
1797
3671
21
3261
2368
386
4061
877
1680
3734
38
3192
2444
347
4047
914
1646
3747
42
3185
2437
355
4056
886
1690
3716
24
3249
2352
412
4075
789
1816
3631
7
3377
2184
527
4089
637
2025
3484
3
3549
1928
711
4084
448
2320
3255
33
3747
1601
987
4015
244
2681
2926
138
3939
1207
1375
3860
81
3100
2487
361
4068
783
1867
3565
2
3516
1936
738
4074
382
2457
3104
82
3875
1323
1281
3893
96
3083
2474
382
4076
712
1988
3465
3
3652
1717
940
4021
226
2779
2784
221
4023
933
1741
3622
0
3515
1903
797
4055
293
2662
2885
186
4001
974
1693
3643
4
3520
1875
833
4044
251
2758
2781
239
4039
846
1872
3514
5
3667
1634
1053
3967
131
3033
2464
427
4089
561
2268
3197
75
3898
1197
1489
3741
14
3455
1922
830
4036
223
2855
2638
337
4079
637
2183
3249
64
3895
1186
1522
3711
6
3527
1801
947
3991
141
3043
2404
497
4091
429
2509
2948
189
4031
831
1963
3400
34
3831
1282
1456
3734
8
3543
1753
1013
3954
100
3190
2209
650
4067
273
2808
2629
375
4086
512
2423
2995
183
4035
781
2057
3300
67
3922
1063
1719
3541
13
3773
1349
1423
3730
4
3607
1614
1171
3865
34
3429
1862
960
3957
86
3259
2078
791
4021
150
3102
2258
656
4062
223
2962
2408
554
4079
282
2850
2523
478
4090
330
2763
2608
429
4090
371
2706
2661
396
4095
386
2675
2681
392
4091
393
2682
2673
402
4094
377
2716
2634
429
4091
341
2778
2560
480
4087
287
2874
2456
554
4073
230
2991
2321
656
4047
164
3133
2151
791
3999
99
3290
1951
962
3926
45
3469
1718
1171
3814
9
3641
1460
1425
3660
2
3809
1180
1721
3451
51
3947
893
2055
3190
151
4047
610
2423
2853
332
4091
361
2808
2467
594
4052
158
3189
2028
935
3919
33
3540
1561
1359
3673
7
3834
1093
1859
3315
111
4029
660
2401
2846
357
4090
299
2943
2285
752
3993
67
3437
1675
1281
3709
6
3833
1071
1913
3247
148
4057
541
2589
2636
512
4068
160
3234
1919
1075
3817
3
3747
1194
1795
3325
121
4049
558
2583
2624
532
4055
130
3311
1797
1205
3733
8
3859
994
2049
3100
242
4088
348
2921
2246
836
3927
20
3646
1321
1696
3374
112
4051
529
2661
2508
645
4009
62
3511
1496
1533
3487
73
4022
601
2574
2580
602
4019
70
3502
1500
1549
3463
84
4039
547
2663
2473
690
3983
35
3613
1324
1743
3304
163
4078
384
2925
2183
936
3853
2
3815
992
2127
2965
361
4081
163
3314
1708
1377
3556
60
4024
561
2686
2411
769
3925
12
3746
1084
2041
3019
343
4083
160
3344
1646
1462
3484
98
4059
440
2880
2180
980
3802
7
3911
784
2418
2646
615
3990
29
3687
1150
2001
3021
356
4076
128
3437
1491
1647
3313
190
4091
260
3190
1785
1364
3525
92
4064
400
2979
2030
1151
3674
40
4019
524
2809
2206
1001
3761
14
3975
614
2694
2323
912
3811
9
3950
663
2636
2374
878
3830
6
3943
665
2636
2361
892
3816
10
3960
631
2698
2288
963
3767
20
3998
546
2821
2147
1093
3679
48
4041
428
2991
1950
1276
3537
108
4080
292
3207
1691
1533
3334
219
4087
154
3450
1377
1863
3048
403
4043
46
3703
1025
2261
2673
683
3913
4
3924
661
2707
2219
1066
3665
67
4065
328
3176
1693
1571
3273
274
4085
91
3605
1133
2171
2735
659
3912
2
3945
599
2820
2075
1226
3530
136
4091
189
3429
1348
1945
2924
537
3977
1
3898
669
2745
2131
1193
3538
138
4093
170
3478
1269
2058
2803
635
3911
4
3973
504
2980
1859
1469
3310
280
4067
57
3733
903
2491
2362
1014
3651
92
4087
199
3447
1278
2079
2755
698
3855
17
4029
376
3191
1584
1769
3021
494
3966
3
3952
525
2993
1799
1565
3191
381
4022
10
3893
619
2881
1910
1471
3262
339
4038
18
3875
642
2861
1921
1473
3253
354
4029
13
3901
593
2935
1826
1575
3155
430
3985
2
3959
472
3101
1626
1781
2964
586
3895
17
4031
307
3333
1341
2096
2663
836
3723
83
4089
139
3619
977
2508
2243
1215
3426
261
4060
24
3887
582
2998
1712
1736
2971
602
3870
27
4061
224
3492
1108
2383
2346
1146
3464
249
4052
12
3903
532
3083
1586
1888
2807
752
3753
85
4089
109
3710
808
2755
1936
1555
3100
528
3897
20
4063
205
3559
993
2551
2135
1378
3239
428
3954
4
4049
245
3499
1055
2497
2177
1350
3252
434
3951
12
4060
219
3550
982
2592
2067
1468
3133
528
3880
37
4083
134
3693
786
2831
1795
1741
2873
748
3711
125
4085
34
3891
500
3192
1387
2185
2443
1141
3393
349
3981
7
4052
207
3605
878
2761
1842
1730
2861
788
3669
167
4069
15
3970
360
3397
1117
2501
2099
1500
3058
637
3771
108
4087
30
3923
419
3330
1178
2447
2134
1482
3055
646
3758
122
4079
18
3961
356
3435
1041
2605
1949
1675
2868
825
3613
227
4031
3
4045
187
3666
745
2965
1555
2090
2455
1212
3274
495
3853
77
4087
29
3946
355
3452
990
2709
1813
1850
2671
1029
3414
391
3916
49
4089
40
3913
387
3432
997
2717
1780
1896
2606
1100
3335
465
3851
87
4083
13
3997
254
3611
771
2992
1477
2236
2257
1452
3005
763
3611
264
3984
16
4089
64
3905
381
3465
923
2838
1618
2104
2357
1371
3059
732
3621
266
3979
27
4091
44
3952
308
3572
779
3018
1400
2353
2095
1646
2773
1005
3367
480
3814
133
4053
4
4071
98
3870
396
3476
870
2937
1466
2304
2115
1656
2752
1054
3314
542
3746
192
4014
20
4091
36
3978
243
3689
607
3253
1101
2714
1673
2121
2274
1522
2843
976
3351
525
3745
204
3998
30
4091
18
4026
158
3809
445
3460
849
3011
1335
2497
1864
1954
2410
1425
2922
939
3368
536
3724
236
3965
55
4081
3
4069
79
3931
274
3682
574
3338
953
2923
1398
2462
1872
1983
2351
1511
2805
1076
3215
692
3564
384
3830
162
4007
33
4085
2
4071
70
3955
224
3762
456
3496
757
3167
1107
2794
1497
2400
1900
1991
2303
1591
2694
1219
3053
870
3370
578
3640
342
3851
165
3996
51
4076
7
4086
21
4038
101
3932
235
3766
424
3560
653
3310
916
3035
1203
2737
1510
2427
1827
2112
2140
1798
2447
1495
2741
1211
3016
951
3267
714
3481
507
3671
342
3826
204
3945
102
4031
39
4078
7
4092
6
4074
40
4027
102
3951
186
3856
299
3732
429
3593
576
3437
737
3267
912
3095
1091
2909
1277
2722
1466
2534
1655
2343
1845
2154
2027
1975
2208
1800
2381
1631
2545
1470
2705
1317
2852
1171
2992
1038
3119
913
3238
800
3349
694
3449
598
3538
513
3621
435
3691
367
3758
309
3811
253
3863
207
3908
170
3944
135
3978
104
3999
83
4021
64
4038
49
4053
36
4067
26
4071
18
4080
15
4086
10
4082
9
4089
5
4086
3
4091
2
4091
3
4092
3
4093
0
4091
1