2150
2334
2497
2642
2773
2891
2999
3093
3182
3262
3335
3399
3458
3511
3560
3606
3644
3680
3712
3740
3767
3786
3805
3821
3831
3843
3851
3857
3863
3863
3865
3862
3858
3849
3841
3832
3819
3804
3787
3774
3749
3722
3698
3671
3641
3611
3572
3533
3494
3455
3411
3365
3317
3268
3214
3161
3103
3043
2983
2918
2853
2783
2713
2640
2565
2488
2410
2332
2251
2168
2084
1999
1914
1830
1741
1661
1573
1488
1405
1322
1239
1160
1079
1002
928
855
786
722
659
602
549
501
458
420
388
358
343
329
322
324
331
344
367
395
433
475
527
585
652
725
805
892
981
1082
1187
1294
1408
1523
1644
1767
1890
2015
2140
2264
2388
2508
2624
2739
2847
2951
3050
3143
3223
3299
3366
3422
3469
3503
3528
3540
3539
3529
3502
3466
3414
3350
3279
3192
3098
2994
2879
2760
2632
2498
2363
2221
2079
1935
1795
1656
1518
1392
1271
1157
1054
959
882
813
766
728
709
705
718
746
795
857
935
1029
1135
1253
1382
1517
1660
1810
1960
2116
2269
2415
2562
2693
2821
2928
3029
3116
3185
3234
3266
3277
3267
3241
3193
3124
3039
2934
2816
2685
2541
2392
2235
2076
1916
1755
1606
1463
1332
1215
1111
1030
969
927
909
912
939
989
1062
1155
1268
1396
1539
1694
1853
2017
2184
2345
2501
2647
2773
2888
2980
3050
3097
3117
3112
3082
3027
2945
2844
2721
2582
2429
2267
2099
1929
1763
1609
1457
1334
1226
1137
1078
1042
1037
1058
1107
1187
1291
1415
1559
1718
1886
2061
2231
2394
2547
2687
2804
2898
2967
3005
3013
2990
2933
2851
2739
2606
2455
2290
2120
1943
1772
1609
1466
1342
1243
1174
1131
1129
1156
1214
1305
1424
1566
1724
1895
2072
2246
2414
2565
2696
2802
2877
2922
2930
2904
2843
2750
2627
2482
2319
2143
1964
1790
1626
1478
1361
1269
1214
1194
1212
1268
1359
1478
1628
1793
1973
2152
2327
2489
2629
2742
2822
2863
2868
2834
2759
2651
2515
2356
2181
1999
1820
1654
1508
1390
1304
1260
1256
1294
1367
1480
1619
1783
1963
2148
2322
2482
2622
2723
2792
2818
2803
2744
2645
2512
2356
2181
1998
1818
1652
1509
1398
1326
1298
1313
1372
1474
1611
1771
1951
2137
2314
2473
2609
2704
2767
2776
2743
2663
2544
2394
2222
2035
1852
1682
1537
1425
1357
1335
1360
1434
1548
1699
1871
2057
2243
2412
2555
2665
2727
2744
2709
2628
2506
2350
2170
1983
1803
1639
1507
1416
1371
1377
1440
1540
1683
1854
2042
2228
2399
2541
2645
2702
2709
2663
2566
2427
2263
2081
1889
1716
1571
1466
1409
1401
1450
1551
1691
1864
2047
2237
2405
2543
2638
2681
2670
2606
2492
2339
2160
1969
1790
1630
1512
1441
1424
1465
1560
1700
1870
2058
2244
2410
2542
2631
2660
2635
2551
2422
2255
2067
1879
1710
1571
1481
1446
1469
1553
1684
1853
2040
2228
2398
2529
2613
2639
2605
2515
2374
2201
2009
1829
1662
1544
1478
1470
1526
1636
1795
1977
2170
2344
2487
2581
2620
2596
2506
2370
2196
2006
1820
1661
1546
1488
1494
1564
1689
1857
2046
2236
2399
2527
2593
2596
2538
2418
2257
2070
1878
1709
1582
1510
1505
1566
1685
1850
2040
2231
2397
2519
2582
2578
2510
2381
2210
2018
1831
1675
1562
1514
1538
1623
1767
1949
2144
2323
2465
2554
2573
2526
2412
2250
2060
1869
1705
1584
1529
1546
1629
1774
1955
2147
2327
2466
2545
2556
2495
2373
2199
2007
1819
1668
1572
1542
1586
1698
1863
2053
2243
2402
2508
2548
2512
2407
2248
2060
1869
1704
1597
1554
1589
1693
1853
2049
2233
2392
2500
2535
2497
2385
2220
2028
1840
1686
1589
1568
1621
1745
1917
2112
2294
2436
2515
2517
2443
2302
2120
1928
1753
1625
1575
1600
1701
1862
2054
2244
2401
2496
2514
2455
2323
2146
1948
1771
1642
1583
1608
1708
1871
2064
2250
2403
2491
2502
2429
2288
2105
1909
1742
1631
1595
1642
1769
1941
2135
2317
2443
2498
2468
2359
2192
1994
1813
1674
1606
1624
1722
1883
2077
2264
2412
2483
2473
2381
2221
2031
1842
1694
1617
1623
1716
1875
2070
2256
2404
2479
2467
2370
2208
2013
1826
1688
1620
1642
1748
1915
2112
2293
2424
2471
2434
2313
2139
1941
1770
1654
1628
1687
1827
2013
2207
2365
2452
2456
2368
2211
2015
1831
1691
1631
1664
1777
1959
2158
2325
2437
2460
2389
2243
2048
1859
1707
1639
1661
1774
1948
2145
2320
2429
2447
2376
2227
2037
1849
1707
1646
1682
1803
1983
2179
2343
2436
2436
2342
2178
1981
1800
1681
1651
1717
1865
2057
2248
2387
2442
2403
2275
2090
1893
1737
1660
1679
1799
1974
2169
2335
2426
2421
2321
2150
1951
1778
1678
1670
1763
1929
2127
2298
2412
2426
2341
2179
1981
1802
1688
1671
1752
1914
2113
2290
2405
2421
2339
2173
1978
1801
1692
1682
1772
1938
2135
2308
2407
2409
2309
2137
1937
1770
1683
1695
1810
1991
2187
2344
2416
2385
2257
2070
1876
1732
1681
1735
1881
2076
2261
2384
2407
2327
2163
1965
1788
1696
1703
1815
1998
2194
2346
2416
2366
2228
2033
1846
1717
1692
1774
1940
2138
2307
2397
2379
2257
2075
1880
1739
1696
1761
1918
2116
2289
2390
2383
2268
2086
1890
1745
1697
1759
1916
2114
2290
2388
2374
2257
2073
1879
1743
1705
1781
1948
2141
2308
2390
2358
2225
2029
1843
1726
1712
1814
1993
2192
2340
2390
2324
2168
1968
1799
1714
1743
1876
2073
2255
2368
2372
2261
2077
1882
1747
1714
1799
1970
2169
2325
2383
2325
2167
1970
1800
1719
1756
1902
2094
2273
2370
2351
2225
2031
1845
1732
1734
1849
2037
2234
2357
2368
2263
2081
1883
1750
1729
1825
2004
2200
2339
2367
2276
2096
1903
1760
1727
1816
1993
2191
2334
2369
2283
2106
1908
1763
1731
1821
1999
2192
2330
2361
2265
2086
1890
1757
1737
1841
2026
2220
2347
2353
2243
2052
1862
1745
1753
1877
2071
2252
2353
2330
2191
1992
1818
1737
1783
1937
2135
2299
2361
2294
2124
1927
1777
1743
1836
2015
2208
2334
2344
2223
2031
1846
1744
1774
1918
2116
2286
2357
2293
2128
1928
1781
1747
1846
2031
2223
2337
2329
2195
1997
1822
1745
1800
1963
2163
2312
2343
2248
2063
1873
1761
1778
1916
2115
2279
2344
2274
2102
1905
1773
1764
1883
2076
2256
2341
2293
2133
1935
1789
1761
1867
2059
2244
2337
2301
2145
1943
1791
1759
1859
2049
2235
2334
2300
2144
1945
1794
1765
1869
2063
2246
2335
2291
2127
1929
1787
1770
1887
2082
2260
2335
2271
2098
1903
1777
1784
1921
2121
2287
2333
2242
2056
1867
1768
1807
1967
2167
2307
2316
2193
1995
1825
1765
1847
2031
2224
2326
2289
2131
1930
1792
1781
1913
2110
2275
2325
2231
2042
1858
1770
1824
1995
2194
2314
2297
2150
1949
1802
1783
1905
2103
2270
2320
2231
2039
1857
1772
1833
2010
2207
2316
2280
2120
1922
1792
1797
1939
2144
2294
2315
2191
1991
1825
1780
1882
2076
2254
2323
2233
2047
1862
1777
1843
2023
2216
2314
2267
2097
1901
1781
1823
1983
2182
2305
2284
2129
1931
1795
1805
1951
2153
2297
2292
2154
1953
1811
1801
1935
2138
2288
2301
2167
1966
1813
1798
1926
2127
2280
2297
2168
1969
1816
1797
1929
2130
2283
2297
2165
1959
1814
1805
1941
2141
2284
2288
2144
1944
1806
1812
1959
2161
2293
2277
2121
1921
1800
1831
1993
2192
2296
2259
2085
1890
1792
1853
2032
2222
2299
2224
2038
1855
1791
1890
2085
2257
2294
2183
1983
1826
1811
1946
2147
2284
2273
2118
1920
1801
1840
2010
2208
2298
2230
2045
1863
1799
1897
2095
2261
2292
2166
1962
1819
1823
1976
2175
2291
2248
2074
1882
1800
1880
2073
2247
2290
2173
1973
1826
1827
1978
2177
2291
2244
2067
1877
1802
1892
2088
2252
2283
2149
1947
1811
1839
2006
2200
2293
2218
2029
1853
1813
1939
2137
2275
2256
2096
1898
1806
1880
2072
2244
2279
2155
1953
1820
1845
2015
2209
2290
2203
2009
1842
1823
1963
2163
2280
2233
2052
1867
1810
1924
2127
2269
2254
2092
1898
1809
1898
2094
2257
2270
2123
1922
1813
1876
2064
2238
2276
2148
1942
1818
1862
2042
2227
2277
2160
1959
1826
1859
2033
2221
2279
2169
1966
1827
1851
2025
2213
2278
2167
1966
1827
1852
2026
2217
2278
2167
1961
1834
1860
2037
2223
2273
2154
1952
1824
1867
2051
2231
2268
2136
1935
1822
1883
2074
2244
2262
2112
1917
1824
1907
2103
2257
2246
2080
1888
1821
1935
2138
2267
2224
2040
1865
1832
1975
2176
2271
2195
1997
1842
1854
2021
2207
2269
2147
1945
1825
1884
2077
2244
2251
2093
1899
1826
1934
2139
2266
2218
2029
1859
1844
1998
2194
2269
2160
1957
1829
1881
2071
2240
2245
2089
1895
1830
1949
2150
2268
2202
2007
1849
1860
2030
2215
2257
2124
1927
1828
1920
2120
2257
2216
2028
1860
1850
2009
2204
2264
2138
1938
1833
1917
2114
2255
2217
2030
1859
1851
2013
2206
2256
2125
1924
1833
1928
2130
2261
2205
2014
1853
1869
2043
2224
2248
2095
1901
1836
1961
2163
2262
2168
1968
1838
1897
2093
2247
2225
2043
1869
1858
2021
2209
2251
2106
1911
1836
1954
2158
2252
2167
1966
1839
1903
2101
2248
2214
2025
1860
1870
2046
2225
2240
2078
1889
1846
1992
2190
2252
2125
1924
1839
1949
2151
2260
2165
1965
1843
1918
2117
2252
2196
2001
1850
1888
2080
2238
2216
2033
1864
1870
2046
2224
2232
2063
1881
1860
2022
2210
2242
2090
1895
1852
1999
2194
2245
2101
1910
1845
1981
2177
2250
2120
1916
1846
1971
2172
2252
2132
1930
1848
1965
2163
2256
2131
1931
1845
1961
2160
2251
2135
1929
1846
1962
2166
2251
2134
1933
1850
1969
2170
2249
2122
1928
1848
1975
2176
2242
2110
1913
1850
1989
2187
2241
2098
1904
1860
2011
2203
2238
2077
1889
1867
2031
2216
2222
2052
1873
1879
2061
2227
2206
2019
1862
1903
2094
2242
2187
1987
1853
1925
2129
2245
2152
1950
1849
1960
2162
2243
2113
1915
1860
2001
2197
2231
2073
1888
1878
2054
2224
2208
2019
1864
1908
2102
2238
2166
1964
1851
1954
2154
2241
2116
1917
1861
2009
2204
2227
2057
1881
1890
2072
2230
2182
1988
1855
1935
2141
2240
2126
1925
1859
2004
2196
2224
2057
1881
1894
2080
2234
2179
1977
1858
1949
2152
2237
2105
1908
1869
2034
2211
2206
2022
1868
1917
2121
2241
2146
1940
1863
1999
2192
2221
2052
1877
1898
2088
2232
2159
1957
1859
1979
2179
2231
2067
1888
1895
2084
2232
2168
1965
1861
1974
2176
2224
2066
1885
1895
2084
2230
2161
1959
1861
1986
2180
2224
2058
1883
1907
2103
2233
2145
1943
1867
2006
2194
2209
2023
1870
1926
2129
2232
2114
1917
1878
2046
2219
2187
1989
1866
1965
2170
2225
2068
1888
1900
2093
2229
2142
1939
1868
2017
2205
2199
2009
1869
1951
2155
2228
2082
1894
1899
2087
2227
2141
1940
1869
2018
2205
2192
2000
1867
1962
2164
2224
2066
1887
1916
2112
2230
2120
1920
1881
2054
2215
2167
1963
1866
1997
2190
2201
2016
1872
1953
2156
2224
2070
1891
1916
2115
2227
2112
1914
1889
2068
2221
2150
1947
1872
2024
2205
2184
1984
1871
1990
2186
2210
2023
1876
1956
2157
2217
2056
1882
1925
2128
2223
2087
1898
1907
2099
2225
2115
1918
1893
2076
2222
2141
1939
1883
2045
2214
2157
1953
1871
2023
2203
2171
1970
1872
2006
2194
2185
1991
1877
1994
2189
2197
2005
1874
1979
2178
2200
2015
1871
1969
2172
2204
2025
1875
1962
2162
2209
2034
1881
1960
2160
2212
2037
1881
1957
2159
2212
2033
1879
1953
2158
2210
2034
1876
1958
2161
2208
2035
1885
1965
2168
2207
2028
1878
1970
2171
2198
2014
1877
1979
2177
2194
2002
1876
1991
2187
2184
1990
1879
2010
2198
2176
1975
1878
2025
2203
2159
1955
1883
2046
2210
2139
1937
1893
2074
2215
2120
1923
1907
2098
2219
2096
1904
1927
2124
2218
2062
1889
1945
2149
2205
2031
1881
1975
2176
2188
1997
1882
2011
2199
2167
1964
1888
2045
2210
2131
1926
1901
2090
2215
2091
1903
1928
2131
2210
2049
1889
1968
2169
2194
2000
1883
2013
2196
2159
1955
1885
2060
2212
2114
1917
1911
2113
2212
2062
1893
1958
2162
2197
2009
1884
2011
2196
2156
1955
1895
2070
2211
2103
1909
1929
2128
2205
2039
1885
1981
2178
2179
1981
1889
2047
2209
2126
1922
1917
2114
2208
2053
1892
1970
2170
2180
1981
1888
2042
2206
2123
1924
1921
2119
2210
2050
1891
1981
2178
2172
1970
1896
2057
2207
2105
1910
1934
2138
2199
2023
1889
2009
2196
2150
1949
1907
2094
2208
2067
1894
1966
2167
2176
1977
1891
2057
2205
2103
1911
1942
2144
2195
2011
1890
2027
2202
2129
1927
1922
2119
2202
2031
1888
2002
2189
2145
1941
1907
2103
2208
2053
1893
1991
2187
2158
1951
1907
2093
2206
2057
1893
1982
2177
2157
1952
1905
2092
2204
2057
1894
1989
2184
2156
1953
1911
2101
2203
2051
1893
1994
2185
2149
1940
1916
2113
2199
2028
1887
2014
2195
2130
1929
1933
2135
2195
2010
1895
2037
2202
2101
1912
1950
2154
2175
1977
1898
2073
2204
2070
1898
1985
2181
2152
1949
1921
2115
2197
2025
1892
2025
2195
2110
1914
1947
2153
2173
1975
1901
2081
2204
2059
1900
2002
2191
2136
1934
1932
2135
2185
1997
1896
2060
2201
2071
1899
1987
2181
2142
1939
1928
2130
2191
2002
1899
2061
2202
2071
1902
1989
2180
2136
1932
1936
2134
2181
1988
1901
2075
2203
2058
1898
2012
2191
2119
1921
1951
2155
2166
1963
1913
2103
2193
2020
1894
2043
2195
2080
1904
1986
2181
2136
1932
1942
2146
2176
1976
1908
2094
2195
2027
1893
2038
2199
2081
1903
1986
2184
2129
1929
1949
2154
2168
1964
1921
2112
2190
2006
1900
2065
2197
2052
1898
2019
2192
2096
1910
1979
2175
2138
1934
1946
2150
2168
1965
1921
2115
2184
1997
1902
2077
2194
2036
1898
2035
2195
2072
1904
2006
2188
2110
1917
1975
2174
2136
1934
1947
2151
2158
1957
1926
2127
2176
1981
1915
2100
2190
2010
1906
2074
2187
2037
1902
2049
2197
2063
1900
2021
2189
2085
1905
1999
2184
2106
1914
1977
2173
2125
1925
1963
2166
2145
1939
1949
2153
2155
1952
1935
2139
2163
1963
1926
2125
2173
1977
1917
2113
2181
1994
1915
2103
2187
2001
1912
2092
2189
2010
1908
2077
2190
2013
1900
2074
2190
2024
1904
2066
2197
2031
1905
2064
2195
2039
1905
2058
2193
2038
1904
2055
2190
2038
1902
2054
2190
2040
1903
2054
2192
2041
1905
2061
2194
2040
1906
2062
2190
2034
1903
2064
2189
2026
1904
2071
2188
2019
1908
2078
2188
2013
1911
2089
2189
2004
1915
2099
2181
1992
1916
2111
2176
1980
1919
2121
2168
1968
1932
2133
2161
1960
1942
2148
2151
1945
1956
2158
2136
1933
1968
2168
2118
1919
1983
2176
2100
1913
2005
2185
2080
1909
2029
2192
2059
1908
2053
2190
2031
1909
2077
2183
2003
1913
2102
2174
1979
1925
2128
2160
1957
1947
2154
2142
1939
1973
2171
2117
1923
2000
2181
2080
1907
2030
2187
2046
1907
2065
2185
2011
1916
2103
2174
1980
1934
2137
2153
1951
1958
2160
2120
1924
1991
2176
2085
1910
2030
2186
2042
1909
2078
2183
2003
1926
2119
2166
1963
1947
2151
2133
1929
1982
2176
2090
1911
2028
2185
2041
1908
2078
2182
1994
1926
2127
2158
1953
1960
2165
2118
1922
2002
2181
2064
1911
2056
2183
2010
1918
2110
2164
1963
1951
2157
2125
1929
1999
2181
2071
1910
2056
2182
2010
1919
2112
2160
1957
1954
2164
2115
1923
2012
2184
2056
1910
2073
2180
1993
1930
2132
2143
1939
1975
2172
2088
1912
2039
2183
2019
1918
2109
2163
1962
1959
2163
2112
1923
2020
2183
2038
1914
2091
2167
1969
1946
2151
2118
1923
2008
2181
2050
1914
2088
2172
1979
1947
2151
2123
1925
2010
2181
2046
1914
2087
2169
1970
1944
2150
2116
1922
2019
2183
2038
1918
2103
2164
1962
1961
2161
2098
1917
2036
2181
2015
1923
2120
2147
1944
1981
2174
2074
1912
2070
2178
1986
1947
2146
2122
1924
2017
2180
2033
1918
2105
2155
1950
1971
2169
2081
1918
2065
2178
1991
1944
2150
2129
1926
2021
2181
2025
1922
2116
2147
1943
1984
2174
2062
1915
2084
2165
1969
1957
2163
2097
1920
2055
2179
1994
1940
2142
2121
1924
2025
2178
2016
1926
2128
2138
1935
2005
2180
2041
1923
2110
2153
1947
1988
2176
2057
1917
2093
2157
1955
1971
2169
2070
1915
2083
2164
1964
1968
2167
2081
1916
2077
2169
1971
1961
2162
2082
1916
2073
2167
1972
1959
2161
2083
1919
2072
2169
1973
1964
2165
2086
1919
2076
2165
1966
1966
2162
2073
1917
2082
2162
1962
1974
2167
2068
1919
2095
2157
1955
1989
2178
2052
1924
2109
2145
1939
2001
2176
2029
1927
2123
2129
1931
2022
2177
2007
1940
2143
2112
1925
2052
2176
1985
1956
2160
2083
1917
2077
2163
1957
1979
2169
2051
1923
2110
2142
1939
2013
2178
2018
1938
2142
2114
1925
2051
2171
1979
1957
2163
2071
1918
2092
2153
1946
1998
2176
2027
1935
2136
2119
1929
2049
2173
1981
1962
2162
2069
1919
2097
2145
1941
2006
2173
2012
1939
2143
2105
1924
2069
2166
1966
1982
2171
2043
1928
2122
2127
1928
2039
2168
1982
1961
2162
2064
1923
2106
2139
1938
2027
2176
1998
1954
2160
2079
1920
2095
2145
1941
2009
2170
2004
1946
2153
2083
1921
2096
2149
1945
2015
2176
2007
1951
2160
2081
1920
2094
2143
1941
2015
2172
1998
1954
2159
2069
1919
2107
2137
1936
2036
2171
1984
1973
2167
2053
1929
2122
2118
1927
2056
2163
1962
1987
2168
2024
1939
2143
2094
1924
2090
2150
1945
2012
2174
1993
1961
2160
2057
1926
2119
2118
1926
2058
2161
1959
1996
2174
2015
1948
2155
2080
1926
2106
2133
1933
2044
2166
1963
1984
2169
2021
1941
2147
2084
1922
2102
2135
1935
2046
2168
1970
1991
2172
2020
1944
2149
2075
1925
2109
2127
1928
2056
2159
1959
2001
2171
2004
1959
2160
2058
1933
2130
2109
1924
2080
2145
1941
2027
2166
1975
1979
2168
2022
1945
2150
2073
1928
2118
2118
1931
2073
2154
1947
2021
2169
1980
1976
2166
2023
1945
2149
2070
1926
2118
2112
1930
2081
2148
1943
2037
2172
1970
1995
2170
2006
1958
2158
2045
1934
2136
2087
1923
2100
2124
1930
2067
2152
1947
2029
2168
1973
1996
2171
2007
1960
2159
2042
1935
2141
2080
1928
2113
2114
1927
2083
2142
1937
2050
2160
1958
2014
2169
1983
1987
2169
2012
1957
2157
2044
1937
2143
2076
1929
2118
2105
1928
2095
2133
1933
2068
2152
1945
2035
2162
1963
2007
2170
1983
1981
2166
2011
1959
2161
2031
1946
2151
2065
1935
2136
2090
1930
2117
2110
1928
2092
2128
1928
2067
2145
1938
2047
2155
1952
2024
2165
1967
2005
2170
1988
1988
2170
2004
1969
2162
2019
1955
2155
2039
1946
2148
2057
1937
2139
2075
1932
2129
2094
1931
2116
2109
1929
2102
2121
1929
2085
2130
1932
2071
2138
1935
2060
2146
1943
2045
2155
1951
2035
2161
1958
2022
2165
1967
2011
2165
1973
2000
2166
1979
1991
2164
1987
1985
2164
1993
1979
2166
2005
1973
2164
2012
1969
2165
2018
1964
2160
2022
1957
2158
2025
1956
2158
2031
1952
2156
2038
1952
2157
2041
1952
2158
2042
1949
2153
2039
1948
2152
2040
1947
2149
2042
1946
2152
2045
1943
2153
2041
1950
2154
2045
1952
2156
2039
1946
2155
2037
1952
2155
2032
1954
2158
2028
1957
2159
2024
1961
2161
2022
1968
2165
2015
1971
2165
2009
1976
2164
1999
1981
2164
1991
1988
2164
1984
1995
2166
1978
2006
2165
1970
2018
2162
1963
2024
2158
1955
2036
2151
1946
2049
2148
1942
2064
2137
1936
2076
2131
1934
2091
2120
1933
2104
2108
1932
2122
2092
1931
2127
2074
1937
2139
2058
1944
2149
2039
1955
2158
2026
1970
2168
2006
1983
2165
1986
1999
2163
1968
2018
2159
1955
2039
2149
1944
2058
2137
1935
2084
2121
1935
2108
2103
1936
2125
2080
1939
2141
2053
1946
2153
2027
1963
2162
2003
1985
2163
1982
2008
2162
1963
2039
2152
1947
2064
2134
1932
2091
2113
1931
2114
2085
1936
2139
2056
1950
2154
2026
1970
2164
1998
1997
2166
1972
2025
2150
1948
2056
2136
1939
2089
2109
1937
2119
2080
1940
2142
2046
1958
2161
2012
1985
2164
1979
2016
2155
1953
2053
2137
1937
2087
2113
1931
2118
2075
1942
2146
2036
1966
2163
1999
1998
2164
1971
2035
2147
1940
2073
2121
1936
2113
2078
1939
2143
2039
1960
2160
1999
1996
2162
1965
2040
2146
1943
2083
2114
1933
2121
2071
1945
2148
2021
1972
2160
1986
2013
2154
1951
2064
2132
1936
2108
2091
1941
2143
2038
1963
2157
1991
2004
2157
1955
2052
2132
1935
2104
2092
1940
2144
2042
1965
2163
1992
2010
2154
1951
2061
2128
1933
2112
2080
1943
2146
2025
1975
2161
1978
2026
2150
1945
2087
2114
1937
2131
2057
1956
2156
1998
1996
2155
1954
2056
2127
1937
2113
2077
1946
2152
2020
1986
2164
1968
2042
2140
1936
2099
2093
1939
2145
2028
1975
2160
1972
2033
2142
1940
2097
2096
1943
2145
2031
1978
2162
1973
2032
2140
1939
2098
2091
1942
2145
2023
1979
2158
1966
2045
2138
1937
2111
2080
1950
2154
2010
1995
2156
1955
2062
2123
1935
2123
2057
1959
2157
1988
2016
2147
1941
2088
2101
1942
2145
2030
1982
2158
1964
2043
2128
1935
2118
2064
1955
2156
1991
2014
2151
1944
2091
2099
1943
2147
2022
1988
2159
1959
2068
2116
1937
2128
2046
1967
2162
1973
2037
2136
1936
2114
2069
1954
2157
1993
2021
2147
1941
2099
2083
1947
2150
2005
2002
2152
1945
2084
2097
1942
2147
2015
1992
2158
1953
2079
2106
1942
2145
2023
1989
2157
1953
2074
2107
1937
2142
2023
1989
2155
1954
2073
2109
1942
2144
2020
1993
2157
1953
2077
2102
1940
2144
2014
1996
2154
1947
2085
2096
1944
2151
2005
2009
2149
1947
2100
2083
1951
2156
1991
2023
2139
1938
2112
2064
1960
2156
1976
2040
2126
1938
2130
2042
1978
2160
1961
2071
2111
1941
2144
2013
1999
2149
1946
2094
2080
1951
2155
1985
2031
2133
1941
2126
2050
1975
2163
1963
2070
2110
1943
2144
2007
2007
2146
1937
2104
2067
1960
2156
1971
2051
2122
1940
2140
2025
1997
2154
1948
2096
2078
1955
2155
1976
2043
2122
1935
2135
2025
1992
2152
1948
2098
2077
1960
2159
1975
2055
2117
1940
2140
2015
2001
2147
1942
2107
2060
1963
2156
1963
2065
2106
1941
2148
1999
2030
2138
1941
2125
2036
1985
2153
1948
2091
2077
1956
2156
1971
2057
2113
1941
2144
2004
2020
2141
1941
2127
2038
1988
2152
1951
2098
2069
1962
2155
1960
2064
2102
1944
2152
1986
2038
2124
1942
2141
2015
2011
2144
1943
2122
2040
1985
2151
1947
2100
2066
1965
2155
1958
2078
2095
1954
2155
1977
2057
2112
1947
2152
1994
2033
2125
1941
2140
2009
2014
2137
1939
2129
2027
1996
2146
1943
2119
2050
1987
2154
1950
2106
2061
1974
2154
1950
2091
2071
1963
2155
1957
2082
2083
1958
2156
1965
2076
2094
1957
2157
1973
2068
2098
1955
2153
1976
2057
2102
1949
2153
1977
2056
2106
1946
2153
1983
2052
2112
1949
2155
1985
2053
2110
1944
2150
1982
2050
2109
1944
2151
1981
2049
2108
1947
2151
1980
2058
2108
1952
2156
1977
2064
2099
1951
2154
1970
2067
2091
1955
2154
1963
2077
2085
1961
2154
1959
2093
2076
1970
2157
1955
2099
2061
1976
2151
1948
2108
2043
1986
2147
1942
2120
2030
2001
2141
1943
2133
2017
2020
2131
1944
2143
1997
2033
2115
1944
2149
1981
2059
2097
1953
2155
1964
2081
2078
1965
2157
1954
2105
2052
1985
2149
1940
2128
2025
2011
2132
1941
2139
1997
2038
2115
1946
2152
1975
2070
2091
1964
2159
1957
2099
2058
1982
2147
1947
2123
2022
2012
2129
1942
2143
1990
2048
2105
1954
2154
1964
2088
2074
1977
2157
1951
2119
2028
2007
2132
1939
2141
1989
2046
2103
1950
2153
1961
2091
2062
1982
2155
1946
2129
2019
2020
2125
1944
2149
1974
2068
2084
1964
2151
1948
2110
2035
2004
2135
1944
2145
1991
2056
2100
1960
2154
1955
2103
2044
1996
2138
1940
2141
1992
2044
2101
1957
2152
1956
2105
2050
1999
2140
1945
2144
1991
2055
2093
1959
2157
1950
2110
2033
2007
2130
1943
2147
1978
2068
2082
1973
2154
1949
2127
2016
2026
2116
1947
2152
1962
2092
2054
1989
2140
1941
2142
1990
2059
2091
1965
2155
1951
2123
2023
2025
2117
1947
2151
1961
2092
2050
1994
2137
1941
2144
1982
2069
2080
1976
2152
1946
2131
2007
2045
2101
1959
2153
1950
2114
2023
2021
2118
1949
2152
1959
2101
2042
2005
2132
1947
2152
1971
2088
2059
1991
2138
1944
2143
1978
2073
2069
1981
2143
1941
2139
1985
2066
2080
1977
2149
1945
2141
1993
2061
2088
1972
2148
1943
2135
1994
2057
2085
1970
2146
1942
2136
1998
2057
2087
1973
2150
1947
2140
1994
2060
2083
1975
2144
1941
2138
1987
2068
2074
1981
2142
1941
2144
1980
2079
2068
1993
2141
1945
2149
1968
2089
2049
2000
2126
1943
2148
1959
2103
2033
2017
2117
1953
2154
1953
2121
2015
2041
2099
1965
2149
1944
2133
1993
2061
2073
1979
2140
1943
2145
1972
2088
2050
2004
2126
1952
2156
1958
2114
2021
2035
2101
1967
2148
1945
2135
1988
2068
2068
1988
2136
1946
2151
1964
2106
2034
2026
2112
1961
2153
1946
2133
1990
2064
2071
1987
2136
1943
2150
1962
2107
2025
2031
2105
1965
2151
1946
2141
1983
2080
2058
2002
2127
1948
2151
1951
2121
2004
2052
2081
1979
2140
1946
2150
1963
2110
2029
2033
2102
1965
2147
1943
2141
1970
2090
2042
2015
2111
1957
2151
1937
2141
1983
2083
2057
2009
2121
1956
2155
1947
2132
1988
2073
2058
2000
2121
1951
2150
1947
2131
1990
2076
2060
2005
2124
1956
2155
1949
2134
1986
2078
2053
2007
2117
1955
2150
1949
2137
1979
2086
2042
2020
2112
1963
2152
1947
2147
1972
2103
2024
2033
2094
1973
2140
1943
2150
1956
2117
2007
2055
2073
1992
2131
1951
2152
1949
2135
1986
2084
2048
2015
2108
1965
2145
1942
2146
1961
2108
2014
2050
2078
1990
2132
1952
2153
1949
2137
1982
2089
2044
2025
2100
1969
2140
1944
2147
1955
2122
1996
2070
2058
2009
2116
1965
2152
1943
2149
1962
2116
2004
2060
2066
1999
2117
1957
2146
1942
2145
1964
2111
2011
2059
2070
2002
2122
1962
2153
1946
2147
1963
2113
2005
2061
2063
2004
2113
1963
2144
1944
2149
1957
2124
1997
2077
2050
2022
2106
1975
2139
1948
2152
1949
2134
1977
2093
2025
2041
2080
1990
2125
1955
2150
1942
2147
1964
2121
1999
2073
2052
2019
2101
1973
2135
1947
2150
1946
2139
1969
2106
2012
2059
2064
2011
2112
1971
2144
1949
2153
1951
2139
1972
2098
2013
2056
2064
2007
2108
1967
2139
1949
2153
1949
2144
1971
2110
2008
2069
2056
2018
2099
1976
2133
1950
2149
1944
2145
1959
2123
1989
2084
2035
2039
2080
1997
2121
1963
2146
1948
2150
1948
2138
1968
2110
2003
2070
2046
2027
2087
1987
2125
1958
2149
1953
2153
1950
2140
1972
2110
2004
2073
2044
2029
2084
1991
2119
1961
2142
1945
2151
1948
2143
1964
2123
1994
2089
2030
2050
2071
2009
2104
1975
2129
1953
2148
1942
2148
1948
2137
1970
2114
2001
2080
2036
2045
2076
2007
2109
1975
2133
1953
2147
1945
2148
1949
2139
1964
2120
1991
2090
2027
2057
2060
2021
2096
1991
2127
1963
2141
1948
2148
1939
2148
1951
2135
1969
2113
1993
2085
2026
2054
2061
2019
2091
1993
2118
1969
2140
1951
2151
1943
2149
1947
2142
1959
2124
1980
2103
2006
2076
2037
2044
2068
2022
2098
1991
2118
1967
2136
1952
2146
1945
2150
1945
2144
1955
2131
1970
2117
1992
2092
2019
2067
2049
2043
2075
2013
2099
1988
2120
1967
2134
1952
2146
1947
2149
1944
2145
1950
2140
1960
2124
1980
2110
2000
2089
2022
2064
2045
2037
2065
2014
2091
1993
2110
1974
2131
1966
2141
1951
2148
1949
2153
1949
2152
1952
2143
1958
2130
1970
2117
1986
2098
2005
2080
2024
2060
2041
2040
2065
2021
2086
2006
2106
1988
2119
1976
2133
1959
2141
1951
2146
1946
2150
1945
2149
1947
2147
1952
2142
1961
2135
1972
2125
1981
2110
1995
2094
2009
2080
2023
2062
2036
2046
2060
2031
2071
2017
2087
2002
2100
1991
2113
1981
2124
1969
2132
1961
2139
1953
2143
1948
2147
1946
2149
1944
2149
1944
2149
1950
2149
1952
2144
1957
2140
1964
2132
1968
2124
1975
2120
1982
2106
1991
2097
2002
2088
2007
2078
2021
2073
2032
2065
2043
2055
2051
2043
2059
2033
2067
2024
2074
2015
2082
2008
2089
1999
2097
1997
2103
1991
2111
1986
2117
1982
2119
1974
2124
1969
2126
1965
2130
1962
2133
1958
2138
1957
2139
1956
2143
1954
2146
1950
2148
1952
2148
1949
2148
1947
2147
1946
2148
1947
2148
1944
2150
1945
2152
1949
2151
1948
2153
1949
2152
1950
2153
1946
2150
1948
2150
1944
2150
1943
2147
1944
2149
1945